1
1.1
1.2
1.3
1.4
1.5
1.6
1.7
1.8
1.9
2
2.1
2.2
2.3
2.4
2.5
2.6
2.7
2.8
2.9
3
3.1
3.2
3.3
3.4
3.5
3.6
3.7
3.8
3.9
4
4.1
4.2
4.3
4.4
4.5
4.6
4.7
4.8
4.9
5
5.1
5.2
5.3
5.4
5.5
5.6
5.7
5.8
5.9
6
6.1
6.2
6.3
6.4
6.5
6.6
6.7
6.8
6.9
7
7.1
7.2
7.3
7.4
7.5
7.6
7.7
7.8
7.9
8
8.1
8.2
8.3
8.4
8.5
8.6
8.7
8.8
8.9
9
9.1
9.2
9.3
9.4
9.5
9.6
9.7
9.8
9.9
10
10.1
10.2
10.3
10.4
10.5
10.6
10.7
10.8
10.9
11
11.1
11.2
11.3
11.4
11.5
11.6
11.7
11.8
11.9
12
12.1
12.2
12.3
12.4
12.5
12.6
12.7
12.8
12.9
13
13.1
13.2
13.3
13.4
13.5
13.6
13.7
13.8
13.9
14
14.1
14.2
14.3
14.4
14.5
14.6
14.7
14.8
14.9
15
1.8881653
2.0406735
2.1837828
2.3170624
2.4401799
2.5529043
2.6551084
2.7467702
2.827973
2.8989046
2.9598556
3.0112159
3.0534717
3.0871999
3.1130627
3.1318007
3.144226
3.1512136
3.1536928
3.1526381
3.149059
3.1439906
3.1384827
3.1335894
3.1303588
3.1298225
3.1329848
3.1408133
3.1542291
3.1740972
3.2012183
3.2363205
3.2800524
3.332976
3.3955619
3.4681837
3.5511152
3.6445267
3.7484842
3.862948
3.9877738
4.1227134
4.2674177
4.42144
4.5842407
4.7551921
4.9335854
5.1186373
5.309498
5.5052597
5.7049654
5.907619
6.1121949
6.317648
6.5229248
6.7269734
6.9287542
7.1272501
7.3214772
7.5104937
7.6934105
7.8693989
8.0376997
8.1976305
8.3485925
8.4900764
8.6216679
8.7430511
8.8540126
8.9544427
9.0443371
9.1237969
9.1930273
9.2523356
9.3021286
9.3429077
9.3752648
9.3998757
9.4174937
9.4289419
9.4351051
9.4369208
9.4353702
9.4314678
9.4262518
9.4207735
9.4160869
9.4132378
9.413254
9.4171344
9.4258394
9.4402813
9.4613148
9.4897291
9.5262393
9.5714798
9.6259978
9.6902477
9.7645867
9.8492713
9.9444543
10.0501841
10.1664032
10.2929497
10.4295583
10.5758633
10.7314019
10.8956192
11.0678737
11.2474433
11.4335331
11.6252828
11.8217757
12.0220477
12.225097
12.4298938
12.6353911
12.8405347
13.0442742
13.245573
13.4434189
13.6368343
13.8248859
14.0066938
14.1814407
14.3483796
14.5068419
14.6562432
14.7960901
14.9259844
15.0456274
15.1548229
15.2534789
15.3416088
15.4193314
15.4868692
15.5445464
15.5927861
15.6321054
15.6631105
15.6864909