Gia tri rieng:
6.626742 17.742209 33.354754 51.638954 71.387107 92.448707 115.141963 139.304882 164.200866 188.753488 213.481853 242.388561 278.257129 321.873085 373.901703 435.120488 506.310407 588.153560 681.128344 785.390873 900.643271 1025.977148 1159.697992 1810.596235 1702.328645 1299.110473 1577.418103 1440.243456 

Vector rieng:
0.106748 -0.182664 -0.234135 0.268687 0.294522 0.316772 -0.330952 -0.330091 0.304603 0.234174 -0.118473 0.034522 -0.006716 0.001014 -0.000127 0.000014 -0.000001 0.000000 -0.000000 0.000000 -0.000000 -0.000000 -0.000000 -0.000000 -0.000000 -0.000000 0.000000 0.000000 
0.202820 -0.307542 -0.323058 0.275119 0.188374 0.072757 0.070156 0.225206 -0.355407 -0.385133 0.251863 -0.092814 0.022744 -0.004294 0.000668 -0.000089 0.000010 -0.000001 0.000000 -0.000000 0.000000 0.000000 0.000000 0.000000 0.000000 0.000000 -0.000000 -0.000000 
0.279726 -0.341065 -0.224540 0.031713 -0.153319 -0.282866 0.310310 0.190989 0.070045 0.342681 -0.372387 0.195526 -0.064645 0.015906 -0.003145 0.000522 -0.000075 0.000010 -0.000001 0.000000 -0.000000 -0.000000 -0.000000 -0.000000 -0.000000 -0.000000 0.000000 0.000000 
0.332579 -0.283882 -0.013017 -0.225266 -0.296633 -0.185664 -0.058269 -0.286793 0.279694 -0.056289 0.375824 -0.330958 0.156449 -0.051546 0.013153 -0.002749 0.000489 -0.000076 0.000011 -0.000001 0.000000 0.000000 0.000000 0.000000 0.000000 0.000000 -0.000000 -0.000000 
0.360382 -0.163620 0.190624 -0.294707 -0.115930 0.162014 -0.301363 -0.129338 -0.220150 -0.267493 -0.145028 0.398365 -0.300504 0.138602 -0.046739 0.012482 -0.002769 0.000528 -0.000089 0.000013 -0.000002 -0.000000 -0.000000 -0.000000 -0.000000 -0.000000 0.000000 0.000000 
0.365352 -0.018477 0.298439 -0.161607 0.159590 0.284728 -0.064045 0.256673 -0.197524 0.214974 -0.209852 -0.227587 0.404215 -0.287624 0.133946 -0.046863 0.013188 -0.003117 0.000638 -0.000116 0.000019 0.000003 0.000000 0.000000 0.000000 0.000000 -0.000000 -0.000000 
0.351765 0.117767 0.288072 0.054258 0.281800 0.094160 0.238570 0.194902 0.200845 0.183346 0.254238 -0.155301 -0.268216 0.407995 -0.288672 0.138444 -0.050737 0.015121 -0.003815 0.000839 -0.000165 -0.000029 -0.000005 -0.000000 -0.000000 -0.000001 0.000000 0.000000 
0.324756 0.223624 0.188540 0.223750 0.196211 -0.165225 0.241531 -0.131759 0.234127 -0.191806 0.132693 0.288380 -0.130195 -0.280390 0.414065 -0.300374 0.150350 -0.058104 0.018393 -0.004955 0.001168 0.000246 0.000047 0.000000 0.000000 0.000008 -0.000000 -0.000001 
0.289385 0.290727 0.048486 0.283157 0.002428 -0.272705 0.010112 -0.272916 -0.061661 -0.224446 -0.218705 0.094893 0.304334 -0.133200 -0.273759 0.421541 -0.320136 0.168797 -0.069062 0.023231 -0.006665 -0.001674 -0.000375 -0.000000 -0.000000 -0.000076 0.000002 0.000014 
0.250054 0.320591 -0.088986 0.236914 -0.174229 -0.192580 -0.207664 -0.129956 -0.257104 0.049554 -0.201658 -0.245716 0.087657 0.309425 -0.156901 -0.251767 0.427691 -0.345347 0.192959 -0.083675 0.029836 0.009064 0.002402 0.000000 0.000003 0.000564 -0.000022 -0.000118 
0.210228 0.320288 -0.197259 0.125530 -0.261799 -0.015257 -0.262738 0.107556 -0.180660 0.241195 0.073504 -0.193796 -0.256203 0.105317 0.305595 -0.193868 -0.216053 0.429303 -0.372957 0.221415 -0.101543 -0.038146 -0.012147 -0.000003 -0.000029 -0.003347 0.000169 0.000806 
0.172388 0.298807 -0.266227 -0.005706 -0.250828 0.152197 -0.162343 0.247569 0.037870 0.184575 0.243040 0.092055 -0.204016 -0.252717 0.138991 0.291467 -0.236506 -0.169164 0.423902 -0.399464 0.251684 0.121312 0.047500 0.000019 0.000199 0.015600 -0.001035 -0.004362 
0.138116 0.264719 -0.297360 -0.123516 -0.169209 0.246323 0.006400 0.229491 0.209593 -0.015124 0.174781 0.255332 0.087909 -0.225533 -0.237356 0.180011 0.266659 -0.277300 -0.116113 0.411154 -0.421517 -0.280084 -0.140237 -0.000115 -0.001086 -0.056239 0.005053 0.018563 
0.108256 0.225004 -0.298151 -0.210489 -0.055043 0.253759 0.157020 0.099565 0.242016 -0.186107 -0.022862 0.177348 0.263086 0.067022 -0.250233 -0.212379 0.220033 0.234217 -0.310104 -0.064768 0.394144 0.436860 0.301948 0.000551 0.004727 0.153988 -0.019509 -0.061488 
0.083083 0.184719 -0.277930 -0.262065 0.059629 0.192969 0.240429 -0.060612 0.149497 -0.232677 -0.187405 -0.028996 0.190302 0.264339 0.038232 -0.271468 -0.182956 0.252185 0.201367 -0.331658 -0.025133 -0.379664 -0.444855 -0.002128 -0.016482 -0.311962 0.059413 0.156889 
0.062472 0.147127 -0.245383 -0.281637 0.154464 0.094062 0.246197 -0.184621 -0.000231 -0.156529 -0.228219 -0.197772 -0.023384 0.205569 0.260865 0.010585 -0.285540 -0.157494 0.272235 0.178533 -0.341782 0.008227 0.376760 0.006708 0.046266 0.445336 -0.142607 -0.303913 
0.046039 0.114039 -0.207455 -0.276293 0.220203 -0.014423 0.189124 -0.239223 -0.136999 -0.016310 -0.147390 -0.234294 -0.202524 -0.014466 0.216812 0.256605 -0.006691 -0.291777 -0.146199 0.277927 0.177164 0.340543 -0.025774 -0.017493 -0.105532 -0.392871 0.269520 0.434622 
0.033260 0.086194 -0.169095 -0.253953 0.255656 -0.111446 0.094834 -0.221673 -0.215083 0.118800 -0.004329 -0.141132 -0.239036 -0.205390 -0.012086 0.219590 0.256856 -0.004668 -0.290085 -0.158858 0.265100 -0.206760 -0.321525 0.038432 0.197956 0.090293 -0.398918 -0.426337 
0.023557 0.063612 -0.133459 -0.221791 0.264498 -0.184646 -0.010448 -0.149181 -0.219381 0.198732 0.128951 0.014931 -0.132808 -0.239376 -0.212536 -0.024717 0.209472 0.265239 0.025255 -0.275633 -0.201468 -0.220997 0.268705 -0.072705 -0.309344 0.262147 0.452672 0.210074 
0.016357 0.045875 -0.102267 -0.185547 0.252725 -0.229208 -0.105561 -0.047889 -0.159992 0.203732 0.199835 0.151649 0.038201 -0.114747 -0.233251 -0.227155 -0.059463 0.178582 0.278327 0.090208 -0.231712 0.267718 0.119437 0.121242 0.407127 -0.339537 -0.365117 0.118956 
0.011132 0.032339 -0.076200 -0.149385 0.226920 -0.245909 -0.176707 0.055780 -0.062226 0.142385 0.189424 0.210414 0.175983 0.071896 -0.079468 -0.214283 -0.245887 -0.120073 0.112795 0.277345 0.187365 0.126737 -0.318533 -0.182396 -0.452890 0.065134 0.141540 -0.339382 
0.007423 0.022282 -0.055237 -0.116018 0.193182 -0.239119 -0.217603 0.140826 0.043830 0.042137 0.111488 0.175342 0.214574 0.201280 0.119935 -0.019106 -0.169021 -0.252714 -0.198771 -0.003515 0.220222 -0.279235 0.063760 0.252578 0.419557 0.258271 0.128446 0.288113 
0.004845 0.014992 -0.038932 -0.086951 0.156550 -0.215023 -0.228369 0.194564 0.131942 -0.062983 0.000943 0.071379 0.145852 0.203741 0.220975 0.177868 0.070192 -0.078721 -0.213073 -0.258320 -0.160953 -0.056065 0.262444 -0.326550 -0.302524 -0.273922 -0.316842 -0.013736 
0.003089 0.009830 -0.026620 -0.062763 0.120749 -0.180194 -0.213698 0.213080 0.185254 -0.143621 -0.102113 -0.053072 0.013549 0.090769 0.164430 0.215736 0.224166 0.173939 0.063628 -0.083954 -0.217971 0.270472 -0.188117 0.396098 0.121971 -0.021028 0.329167 -0.252518 
0.001915 0.006246 -0.017554 -0.043365 0.088172 -0.140535 -0.180783 0.199782 0.198187 -0.182486 -0.166768 -0.149324 -0.115777 -0.064003 0.003149 0.079391 0.154081 0.212230 0.236239 0.210074 0.126013 0.007154 -0.157652 -0.446986 0.079596 0.271311 -0.159891 0.285491 
0.001138 0.003793 -0.010998 -0.028235 0.060004 -0.100609 -0.137339 0.162748 0.175035 -0.176523 -0.179490 -0.187072 -0.187010 -0.175002 -0.149388 -0.109046 -0.054073 0.013349 0.088118 0.161597 0.221592 -0.253379 0.242251 0.456021 -0.242022 -0.177884 -0.093452 -0.060318 
0.000624 0.002114 -0.006278 -0.016591 0.036425 -0.063324 -0.090046 0.111714 0.126326 -0.134290 -0.144519 -0.161835 -0.178608 -0.192104 -0.201224 -0.204549 -0.200387 -0.186938 -0.162492 -0.125719 -0.076053 0.014173 0.057459 -0.393013 0.299352 -0.134048 0.268624 -0.208002 
0.000270 0.000926 -0.002792 -0.007515 0.016829 -0.029899 -0.043545 0.055451 0.064460 -0.070471 -0.078072 -0.090544 -0.104554 -0.119162 -0.134381 -0.150134 -0.166228 -0.182370 -0.198145 -0.213012 -0.226281 0.237107 -0.244465 0.235325 -0.209134 0.247136 -0.232375 0.243688 
