1	8.6363
1.115	6.6105
1.23	5.2241
1.345	4.2221
1.46	3.4642
1.575	2.8724
1.69	2.3975
1.805	2.0098
1.92	1.6898
2.035	1.4218
2.15	1.1946
2.265	1.0018
2.38	0.8401
2.495	0.7006
2.61	0.5865
2.725	0.4809
2.84	0.3958
2.955	0.3245
3.07	0.2665
3.185	0.2208
3.3	0.1753
3.415	0.1397
3.53	0.1129
3.645	0.0867
3.76	0.0725
3.875	0.0588
3.99	0.0426
4.105	0.0328
4.22	0.0239
4.335	0.0184
4.45	0.0157
4.565	0.0116
4.68	0.0095
4.795	0.0074
4.91	0.0056
5.025	0.0042
5.14	0.0058
5.255	0.0073
5.37	0.002
5.485	0.0043
5.6	0.0081
5.715	0.0007
5.83	0.0024
5.945	0.0045
6.06	0.0026
6.175	0.0084
6.29	0.0097
6.405	0.004
6.52	0.0082
6.635	0.0058
6.75	0.0022
6.865	0.0052
6.98	0.001
7.095	0.0013
7.21	0.0051
7.325	0.0007
7.44	0.0002
7.555	0.0011
7.67	0.0008
7.785	0.0006
7.9	-0.0003
8.015	-0.0012
8.13	-0.0015
8.245	-0.0015
8.36	-0.0046
8.475	-0.0012
8.59	-0.0014
8.705	-0.0047
8.82	-0.0037
8.935	-0.0022
9.05	-0.007
9.165	-0.0065
9.28	-0.005
9.395	-0.0019
9.51	-0.0008
9.625	-0.0025
9.74	-0.0013
9.855	-0.002
9.97	-0.0001
10.085	-0.0062
10.2	-0.0014
10.315	-0.0024
10.43	-0.0003
10.545	-0.0017
10.66	-0.0013
10.775	-0.0004
10.89	-0.0002
11.005	0.0001
11.12	0.0009
11.235	0.0019
11.35	0.0011
11.465	0.002
11.58	0.0001
11.695	0.001
11.81	0.0068
11.925	0.0003
12.04	0.0058
12.155	0.006
12.27	0.0043
12.385	0.0066
12.5	0.0058
12.615	0.0059
12.73	0.0042
12.845	0.0057
