P : 
1 1 1 
1.24323 0.896861 1 
1.5129 0.813008 1 
1.80902 0.743494 1 
2.1316 0.684932 1 
2.48062 0.634921 1 
2.8561 0.591716 1 
3.25802 0.554017 1 
3.6864 0.520833 1 
4.14123 0.4914 1 
4.6225 0.465116 1 
5.13023 0.441501 1 
5.6644 0.420168 1 
6.22503 0.400802 1 
6.8121 0.383142 1 
7.42563 0.366972 1 
8.0656 0.352113 1 
8.73203 0.338409 1 
9.4249 0.325733 1 
10.1442 0.313972 1 
10.89 0.30303 1 
11.6622 0.292826 1 
12.4609 0.283286 1 
13.286 0.274348 1 
14.1376 0.265957 1 
15.0156 0.258065 1 
15.9201 0.250627 1 
16.851 0.243605 1 
17.8084 0.236967 1 
18.7922 0.230681 1 
19.8025 0.224719 1 
20.8392 0.219058 1 
21.9024 0.213675 1 
22.992 0.208551 1 
24.1081 0.203666 1 
25.2506 0.199005 1 
26.4196 0.194553 1 
27.615 0.190295 1 
28.8369 0.18622 1 
30.0852 0.182315 1 
31.36 0.178571 1 
32.6612 0.174978 1 
33.9889 0.171527 1 
35.343 0.168209 1 
36.7236 0.165017 1 
38.1306 0.161943 1 
39.5641 0.158983 1 
41.024 0.156128 1 
42.5104 0.153374 1 
44.0232 0.150716 1 
45.5625 0.148148 1 
47.1282 0.145666 1 
48.7204 0.143266 1 
50.339 0.140944 1 
51.9841 0.138696 1 
53.6556 0.136519 1 
55.3536 0.134409 1 
57.078 0.132363 1 
58.8289 0.130378 1 
60.6062 0.128452 1 
62.41 0.126582 1 
64.2402 0.124766 1 
66.0969 0.123001 1 
67.98 0.121286 1 
69.8896 0.119617 1 
71.8256 0.117994 1 
73.7881 0.116414 1 
75.777 0.114877 1 
77.7924 0.113379 1 
79.8342 0.111919 1 
81.9025 0.110497 1 
83.9972 0.109111 1 
86.1184 0.107759 1 
88.266 0.10644 1 
90.4401 0.105152 1 
92.6406 0.103896 1 
94.8676 0.102669 1 
97.121 0.101471 1 
99.4009 0.100301 1 
101.707 0.0991572 1 
104.04 0.0980392 1 
106.399 0.0969462 1 
108.785 0.0958773 1 
111.197 0.0948317 1 
113.636 0.0938086 1 
116.101 0.0928074 1 
118.592 0.0918274 1 
121.11 0.0908678 1 
123.654 0.0899281 1 
126.225 0.0890076 1 
128.822 0.0881057 1 
131.446 0.087222 1 
134.096 0.0863558 1 
136.773 0.0855066 1 
139.476 0.084674 1 
142.206 0.0838574 1 
144.962 0.0830565 1 
147.744 0.0822707 1 
150.553 0.0814996 1 
153.388 0.0807428 1 
156.25 0.08 1 
159.138 0.0792707 1 
162.053 0.0785546 1 

M : 
594607 707.095 6058.37 
707.095 8.53476 22.6702 
6058.37 22.6702 103 

Z : 
-37228.8 
-56.0775 
-471.734 

A : 
-0.00819141 
12.0223 
-6.74423 

sai so : 6.86047
-0.00819141 12.0223 0.00117765 